ann_LayerIH_weight
0.08,-0.90,0.91,-0.32,-0.15,-0.26,-0.65,0.16,-0.15,-0.82,
-0.10,-0.10,-0.36,0.92,-0.93,-0.76,0.86,-0.49,0.36,0.78,
0.58,-0.98,-0.25,0.50,-0.01,-0.40,0.77,0.01,-0.43,-0.12,
0.64,-0.34,0.78,-0.38,-0.37,0.08,0.10,0.83,-0.17,0.01,
0.09,-0.34,0.68,0.43,0.09,0.87,-0.64,0.52,0.70,-0.95,
-0.79,0.02,0.27,-0.38,-0.68,0.12,-0.16,-0.37,0.41,-0.98,
-0.21,-0.23,-0.70,0.22,0.42,0.85,-0.42,0.81,0.11,-1.00,
0.37,3.19,-0.37,0.79,0.67,-0.51,0.97,0.73,0.74,-0.22,
0.61,-3.15,0.59,0.62,0.55,0.99,0.05,-0.26,0.41,0.71,
0.41,-0.75,0.00,-0.42,0.26,0.65,0.47,-0.82,-0.77,0.66,
0.31,-2.03,-0.09,-0.05,0.75,-0.91,-0.23,0.41,-0.22,0.35,
ann_LayerH_threshold
8.81,1.81,-6.33,4.37,5.33,-8.73,-8.85,4.10,-9.29,7.27,
ann_LayerHO_weight
-1.66,
7.86,
-0.89,
-1.14,
-2.01,
-0.14,
0.77,
-0.66,
-0.42,
-1.68,
ann_LayerO_threshold
3.22,
